5
3.5 64.2 31 2 11.64
0.6 2 9.4 15 9
2.6 9 1.6 6.4 2.2
14 4.6 21.9 7 1.6
6.4 18 4.8 23.4 38


3
0 0 1
0 1 0
1 0 0


3
0 0 1
0 1 0
1 0 0
Solution: -1

3
1 2 3
3 7 1
4 5 6
Solution: -30

5
3.5 64.2 31 2 11.64
0.6 2 9.4 15 9
2.6 9 1.6 6.4 2.2
14 4.6 21.9 7 1.6
6.4 18 4.8 23.4 38
Solution: -3201778.518

5
4 5 8 2 1
6 9 1 3 7
8 2 4 5 6
8 2 3 4 7
2 4 6 8 9
Solution: 5536

3
1 2 3
0 5 3
0 3 0
Solution: -9

4
2.4    23.4  45.412 43.23
4.4    5.5   3.3    7.45 
12.11  3.3   54.8   856.45
32.3   34.2  8.9    74.423
Solution: -365074.555034

